59182
59258
59254
53953
41611
41609
41598
41594
41592
33963
27037
56366
27036
27032
27014
27013
26983
26978
26976
26975
26974
26973
26971
26970
26959
26928
26927
26926
26914
26905
26999
26995
26993
26989
26988
26902
26900
26877
26872
26866
26953
26948
26942
26932
26849
26838
26786
26783
26744
26689
26773
26742
26741
26729
26727
26721
26720
26719
26675
26670
26769
26768
26766
26762
26761
26759
26758
26748
26746
26716
26620
26619
26615
26614
26715
26710
26701
26698
26697
26652
26636
26542
26513
26511
26458
26450
26435
26434
26575
26548
26598
26597
26428
26418
26387
26322
26318
26316
26312
26302
26300
26269
26263
26251
26245
26297
26295
26289
26288
26285
26220
26201
26190
26189
26183
26176
26173
26168
26127
26121
26120
26117
26115
26111
26155
26149
26135
26108
26105
26102
26097
26093
26054
25993
25992
25991
25975
25965
25957
25951
25946
25932
25867
25865
25864
25856
25854
25830
25890
25887
25882
25879
25809
25804
25801
25758
25767
25757
25733
25727
25724
25703
25692
25690
25518
25495
25460
25451
25436
25426
25414
25374
25301
25323
25280
25164
25202
25145
25142
25133
25130
25102
25043
25023
25020
25009
24918
24996
24948
24969
24891
24875
24874
24835
24832
24795
24871
24849
24753
24720
24707
24688
24657
24651
24611
24571
24566
24495
24474
24465
24424
24264
24259
24240
24227
24217
24216
24201
24200
24198
24175
24172
24107
24055
24050
24084
24151
24060
24135
24118
24117
23991
23981
23888
23886
23835
23828
23793
23790
23924
23920
23905
23942
23928
23789
23755
23754
23684
23677
23676
23674
23671
23666
23632
23623
23621
23613
23651
23649
23647
23646
23637
23729
23727
23715
23707
23706
23704
23559
23550
23544
23384
23382
23379
23416
23345
23307
23305
23293
23287
23257
23205
23202
23235
23234
23231
23230
23225
23223
23221
23184
23150
23079
23065
23029
23018
23014
23008
23056
23053
23040
23000
22990
22981
22960
22945
22940
22937
22916
22903
22834
22810
22777
22773
22707
22697
22756
22749
22738
22676
22528
22524
22523
22606
22543
22538
22498
22496
22492
22478
22297
22292
22475
22468
22378
22373
22286
22281
22270
22354
22346
22245
22220
22152
22151
22143
22073
22070
22124
22120
22081
22079
22046
22037
21935
21911
22023
22014
22001
21962
21957
21954
21947
21945
21942
21938
21970
21969
21968
21967
21843
21842
21883
21881
21910
21906
21821
21816
21808
21801
21668
21626
21615
21605
21596
21595
21586
21556
21551
21550
21549
21446
21434
21431
21476
21393
21385
21377
21324
21300
21363
21343
21342
21337
21271
21270
21262
21261
21284
21228
21197
21191
21186
21177
21176
21166
21154
21134
21133
21118
21117
21113
21095
21075
21068
21031
21004
20993
20963
20922
20917
20915
20850
20822
20243
20233
20232
20228
20215
20214
20206
20201
20198
20194
20161
20157
20151
20084
20079
19924
19897
19847
19727
19724
19718
19710
19708
19705
19704
19665
19647
19631
19630
19623
19606
19597
19582
19563
19493
19528
19551
19540
19465
19425
19440
19373
19366
19357
19354
19353
19305
19284
19256
19246
19231
19187
19186
19184
19183
18481
18450
18432
18426
18420
18419
18388
18325
18310
18286
18267
18226
18167
18166
18151
18147
18135
18011
17985
17960
17877
17821
17789
17780
17768
17766
17742
17703
17689
17722
17640
17632
17626
17625
17473
17420
17355
17285
17148
17192
17189
17182
17146
17116
17073
17063
17062
17050
16930
16903
16884
16882
16857
16288
16271
16238
16237
16199
16144
16143
16137
16172
16106
16083
15917
15939
15938
15901
15867
15862
15852
15823
15800
15793
15732
15727
15715
15661
15653
15618
15605
15651
15563
15548
15545
15516
15536
15490
15470
15467
15462
15419
15415
15414
15402
15401
15399
15391
15372
15350
15330
15325
15314
15311
15197
15195
15191
15181
15167
15163
15127
15126
15106
15091
15070
15011
15001
15000
14993
14972
14971
14931
14924
14711
14708
14643
14563
14617
14607
14515
14490
14377
14368
14145
14167
14124
14123
14105
14093
14022
14019
14016
13942
13935
13932
13988
13901
13879
13864
13668
13656
13655
13651
13628
13612
13605
13590
13566
13505
13445
13425
13402
13376
13285
13282
13277
13214
13213
13140
13129
13174
13172
13193
13191
13081
13070
13064
13005
12932
12927
12920
12988
12970
12892
12800
12755
12729
12727
12604
12558
12574
12572
12448
12438
12424
12365
12262
12249
12247
12230
12218
12217
12216
12153
12148
12145
12144
12140
12081
12080
11982
11941
11921
11859
11741
11595
11589
11219
11165
11079
11256
11350
10881
10755
10739
10703
10681
10677
10632
10468
10454
10402
10390
10385
10352
10224
10169
10154
10153
10068
10062
9945
9918
9868
9867
9865
9863
9786
9709
9630
9594
9593
9589
9577
9575
9569
9561
9558
9557
9542
9522
9504
9483
9415
9380
9362
9343
9338
9337
9334
9332
9317
9302
9299
9287
9219
9218
9217
9215
9208
9158
8966
9036
9021
8919
8898
8889
8866
8848
8838
8818
8769
8737
8699
8602
8540
8533
8523
8502
8499
8425
8417
8416
8415
8412
8410
8446
8428
8316
8305
8301
8294
8324
8361
8262
8259
8247
8225
8160
8109
8107
8034
8030
8061
7981
7880
7937
7936
7931
7923
7915
7819
7818
7813
7812
7807
7622
7615
7609
7603
7599
6724
6713
6690
6749
6743
6739
6736
6732
6470
6466
6498
6394
6348
6313
6379
6372
6304
6299
6297
6296
6226
6161
6109
6101
6036
6051
6006
6003
5965
5899
5895
5832
5828
5863
5826
5802
5788
5713
5678
5677
5646
5620
5607
5546
5452
5429
5422
5393
5388
5338
5261
5314
5107
5038
5035
5025
5018
5013
5065
5004
4984
4956
4936
4922
4890
4885
4879
4846
4835
4873
4863
4751
4704
4605
4570
4498
4430
4428
4381
4412
4369
4366
4354
4335
4329
4285
4282
4127
4184
4163
4106
4049
3980
3979
3970
3969
3967
3919
3803
3797
3764
3744
3686
3627
3626
3623
3622
3639
3591
3526
3521
3506
3499
3495
3490
3488
3487
3485
3469
3457
3455
3451
3421
3407
3405
3399
3443
3440
3351
3350
3383
3381
3380
3326
3272
3269
3315
3235
3218
3217
3183
3182
3169
3161
3187
3186
3185
3135
3119
3045
3041
3037
3034
3026
3095
3093
3081
3009
2967
2966
2987
2925
2911
2909
2908
2889
2884
2881
2874
2864
2842
2836
2830
2718
2645
2644
2632
2531
2529
2517
2453
2440
2483
2465
2504
2419
2416
2398
2314
2310
2288
2234
2207
2151
2145
2130
2129
2032
2021
1998
1994
1981
1976
1952
1871
1865
1862
1859
1931
1834
1887
1885
1799
1793
1781
1780
1779
1763
1726
1715
1714
1675
1668
1707
1704
1698
1696
1603
1534
1530
1503
1593
1587
1311
1310
1340
1333
1322
1248
1181
1173
1193
1136
1134
1131
1059
1049
1047
1029
1018
995
990
952
848
570
565
549
547
546
535
514
508
507
506
401
400
112
11059182
59258
59254
53953
41611
41609
41598
41594
41592
33963
27037
56366
27036
27032
27014
27013
26983
26978
26976
26975
26974
26973
26971
26970
26959
26928
26927
26926
26914
26905
26999
26995
26993
26989
26988
26902
26900
26877
26872
26866
26953
26948
26942
26932
26849
26838
26786
26783
26744
26689
26773
26742
26741
26729
26727
26721
26720
26719
26675
26670
26769
26768
26766
26762
26761
26759
26758
26748
26746
26716
26620
26619
26615
26614
26715
26710
26701
26698
26697
26652
26636
26542
26513
26511
26458
26450
26435
26434
26575
26548
26598
26597
26428
26418
26387
26322
26318
26316
26312
26302
26300
26269
26263
26251
26245
26297
26295
26289
26288
26285
26220
26201
26190
26189
26183
26176
26173
26168
26127
26121
26120
26117
26115
26111
26155
26149
26135
26108
26105
26102
26097
26093
26054
25993
25992
25991
25975
25965
25957
25951
25946
25932
25867
25865
25864
25856
25854
25830
25890
25887
25882
25879
25809
25804
25801
25758
25767
25757
25733
25727
25724
25703
25692
25690
25518
25495
25460
25451
25436
25426
25414
25374
25301
25323
25280
25164
25202
25145
25142
25133
25130
25102
25043
25023
25020
25009
24918
24996
24948
24969
24891
24875
24874
24835
24832
24795
24871
24849
24753
24720
24707
24688
24657
24651
24611
24571
24566
24495
24474
24465
24424
24264
24259
24240
24227
24217
24216
24201
24200
24198
24175
24172
24107
24055
24050
24084
24151
24060
24135
24118
24117
23991
23981
23888
23886
23835
23828
23793
23790
23924
23920
23905
23942
23928
23789
23755
23754
23684
23677
23676
23674
23671
23666
23632
23623
23621
23613
23651
23649
23647
23646
23637
23729
23727
23715
23707
23706
23704
23559
23550
23544
23384
23382
23379
23416
23345
23307
23305
23293
23287
23257
23205
23202
23235
23234
23231
23230
23225
23223
23221
23184
23150
23079
23065
23029
23018
23014
23008
23056
23053
23040
23000
22990
22981
22960
22945
22940
22937
22916
22903
22834
22810
22777
22773
22707
22697
22756
22749
22738
22676
22528
22524
22523
22606
22543
22538
22498
22496
22492
22478
22297
22292
22475
22468
22378
22373
22286
22281
22270
22354
22346
22245
22220
22152
22151
22143
22073
22070
22124
22120
22081
22079
22046
22037
21935
21911
22023
22014
22001
21962
21957
21954
21947
21945
21942
21938
21970
21969
21968
21967
21843
21842
21883
21881
21910
21906
21821
21816
21808
21801
21668
21626
21615
21605
21596
21595
21586
21556
21551
21550
21549
21446
21434
21431
21476
21393
21385
21377
21324
21300
21363
21343
21342
21337
21271
21270
21262
21261
21284
21228
21197
21191
21186
21177
21176
21166
21154
21134
21133
21118
21117
21113
21095
21075
21068
21031
21004
20993
20963
20922
20917
20915
20850
20822
20243
20233
20232
20228
20215
20214
20206
20201
20198
20194
20161
20157
20151
20084
20079
19924
19897
19847
19727
19724
19718
19710
19708
19705
19704
19665
19647
19631
19630
19623
19606
19597
19582
19563
19493
19528
19551
19540
19465
19425
19440
19373
19366
19357
19354
19353
19305
19284
19256
19246
19231
19187
19186
19184
19183
18481
18450
18432
18426
18420
18419
18388
18325
18310
18286
18267
18226
18167
18166
18151
18147
18135
18011
17985
17960
17877
17821
17789
17780
17768
17766
17742
17703
17689
17722
17640
17632
17626
17625
17473
17420
17355
17285
17148
17192
17189
17182
17146
17116
17073
17063
17062
17050
16930
16903
16884
16882
16857
16288
16271
16238
16237
16199
16144
16143
16137
16172
16106
16083
15917
15939
15938
15901
15867
15862
15852
15823
15800
15793
15732
15727
15715
15661
15653
15618
15605
15651
15563
15548
15545
15516
15536
15490
15470
15467
15462
15419
15415
15414
15402
15401
15399
15391
15372
15350
15330
15325
15314
15311
15197
15195
15191
15181
15167
15163
15127
15126
15106
15091
15070
15011
15001
15000
14993
14972
14971
14931
14924
14711
14708
14643
14563
14617
14607
14515
14490
14377
14368
14145
14167
14124
14123
14105
14093
14022
14019
14016
13942
13935
13932
13988
13901
13879
13864
13668
13656
13655
13651
13628
13612
13605
13590
13566
13505
13445
13425
13402
13376
13285
13282
13277
13214
13213
13140
13129
13174
13172
13193
13191
13081
13070
13064
13005
12932
12927
12920
12988
12970
12892
12800
12755
12729
12727
12604
12558
12574
12572
12448
12438
12424
12365
12262
12249
12247
12230
12218
12217
12216
12153
12148
12145
12144
12140
12081
12080
11982
11941
11921
11859
11741
11595
11589
11219
11165
11079
11256
11350
10881
10755
10739
10703
10681
10677
10632
10468
10454
10402
10390
10385
10352
10224
10169
10154
10153
10068
10062
9945
9918
9868
9867
9865
9863
9786
9709
9630
9594
9593
9589
9577
9575
9569
9561
9558
9557
9542
9522
9504
9483
9415
9380
9362
9343
9338
9337
9334
9332
9317
9302
9299
9287
9219
9218
9217
9215
9208
9158
8966
9036
9021
8919
8898
8889
8866
8848
8838
8818
8769
8737
8699
8602
8540
8533
8523
8502
8499
8425
8417
8416
8415
8412
8410
8446
8428
8316
8305
8301
8294
8324
8361
8262
8259
8247
8225
8160
8109
8107
8034
8030
8061
7981
7880
7937
7936
7931
7923
7915
7819
7818
7813
7812
7807
7622
7615
7609
7603
7599
6724
6713
6690
6749
6743
6739
6736
6732
6470
6466
6498
6394
6348
6313
6379
6372
6304
6299
6297
6296
6226
6161
6109
6101
6036
6051
6006
6003
5965
5899
5895
5832
5828
5863
5826
5802
5788
5713
5678
5677
5646
5620
5607
5546
5452
5429
5422
5393
5388
5338
5261
5314
5107
5038
5035
5025
5018
5013
5065
5004
4984
4956
4936
4922
4890
4885
4879
4846
4835
4873
4863
4751
4704
4605
4570
4498
4430
4428
4381
4412
4369
4366
4354
4335
4329
4285
4282
4127
4184
4163
4106
4049
3980
3979
3970
3969
3967
3919
3803
3797
3764
3744
3686
3627
3626
3623
3622
3639
3591
3526
3521
3506
3499
3495
3490
3488
3487
3485
3469
3457
3455
3451
3421
3407
3405
3399
3443
3440
3351
3350
3383
3381
3380
3326
3272
3269
3315
3235
3218
3217
3183
3182
3169
3161
3187
3186
3185
3135
3119
3045
3041
3037
3034
3026
3095
3093
3081
3009
2967
2966
2987
2925
2911
2909
2908
2889
2884
2881
2874
2864
2842
2836
2830
2718
2645
2644
2632
2531
2529
2517
2453
2440
2483
2465
2504
2419
2416
2398
2314
2310
2288
2234
2207
2151
2145
2130
2129
2032
2021
1998
1994
1981
1976
1952
1871
1865
1862
1859
1931
1834
1887
1885
1799
1793
1781
1780
1779
1763
1726
1715
1714
1675
1668
1707
1704
1698
1696
1603
1534
1530
1503
1593
1587
1311
1310
1340
1333
1322
1248
1181
1173
1193
1136
1134
1131
1059
1049
1047
1029
1018
995
990
952
848
570
565
549
547
546
535
514
508
507
506
401
400
112
110