196587
196581
196570
196569
196567
196662
196594
196591
196661
196653
196686
196684
196674
196671
196559
196558
196554
196637
196616
196412
196350
196493
196441
196433
196426
196423
196422
196381
196237
196236
196230
196225
196137
196287
196140
196199
196260
196252
196242
195991
195934
195965
196045
196039
196081
196080
196075
196074
196065
195954
196035
195737
195799
195872
195908
195820
195658
195514
195339
195246
195237
195115
195085
195055
195016
194853
194834
194617
194429
194215
194214
194318
194037
194017
194000
193998
193687
193678
193565
193555
193553
193547
193536
193532
193444
193507
193274
193265
192971
192885
192719
192580
192511
192477
192417
192327
192262
192221
192283
192265
192264
192260
192244
192243
192099
192096
192094
192126
192117
192084
192075
192070
191762
191922
191915
191679
191673
191661
191656
191653
191647
191640
191555
191549
191545
191541
191632
191625
191617
191614
191601
191600
191527
191511
191509
191485
191436
191435
191423
191420
191419
191408
191406
191319
191316
191310
191275
191271
191253
191102
190956
190802
190800
190798
190796
190582
190551
190506
190381
190375
190367
190463
190310
190308
190292
190291
190290
190350
190332
190329
190327
190316
190314
190282
190223
190219
190173
190157
190155
190153
190035
190033
190032
190024
190023
190022
190014
190005
189916
189787
189773
189732
189525
189503
189502
189287
189312
189360
189358
189357
189356
189434
189431
189429
189452
189448
189443
189294
189070
189256
189211
188910
188896
188881
188850
188811
188578
188564
188560
188501
188447
188362
188156
188123
188116
188113
188111
188105
188103
188088
188079
188071
187955
187890
187537
187642
187641
187612
187638
187607
187602
187598
187637
187634
187625
187503
187444
187442
187404
187318
187351
187425
187420
187275
187274
187273
187268
187383
187295
187156
187212
187211
187201
187198
187257
187254
187184
187113
187077
187072
187064
187063
187103
186872
186962
187042
186980
187035
187019
187016
186901
186898
186894
186860
186852
186851
186842
186838
186675
186805
186803
186800
186796
186795
186791
186691
186768
186717
186716
186714
186748
186745
186562
186545
186544
186543
186612
186636
186631
186512
186575
186510
186508
186506
186503
186501
186497
186496
186491
186564
186485
186479
186478
186477
186465
186464
186520
186519
186462
186460
186459
186456
186454
186453
186446
186431
186430
186337
186335
186332
186330
186327
186322
186367
186364
186358
186349
186347
186345
186342
186339
186311
186281
186280
186212
186259
186204
186201
186216
186157
186151
186146
186145
186183
186178
186177
186115
186114
186109
186108
186107
186099
186094
186078
186073
186023
185887
185933
185923
185914
185975
185959
185958
185956
185955
185950
185947
185857
185854
185850
185834
185833
185829
185767
185764
185763
185735
185732
185715
185746
185744
185743
185740
185738
185712
185691
185675
185633
185632
185620
185611
185609
185605
185551
185548
185499
185520
185483
185476
185474
185473
185455
185452
185448
185437
185436
185434
185432
185410
185406
185400
185363
185360
185335
185334
185330
185329
185328
185327
185305
185300
185299
185291
185290
185215
185207
185206
185205
185201
185199
185189
185126
185124
185182
185165
185150
185087
185109
185099
185095
184933
184962
184957
184862
184861
184798
184797
184666
184652
184651
184528
184527
184498
184491
184436
184458
184412
184315
184314
184311
184292
184289
184248
184232
184211
184153
184012
184008
184003
184002
183970
183967
183965
183862
183881
183819
183811
183802
183798
183797
183796
183693
183663
183603
183592
183591
183474
183427
183400
183359
183358
183354
183339
183338
183332
183331
183329
183324
183276
183275
183274
183297
183251
183231
183226
183222
183220
183208
183205
183082
183072
183069
183022
183020
183015
182976
182972
182968
182962
182951
182948
182947
182926
182920
182857
182882
182880
182812
182799
182751
182780
182737
182736
182724
182718
182669
182705
182619
182512
182506
182486
182483
182458
182309
182270
182262
182227
182206
182172
182168
182148
182139
182068
182007
182006
182001
181993
181941
181848
181712
181695
181689
181818
181809
181795
181730
181719
181718
181778
181776
181764
181512
181511
181505
181503
181475
181628
181614
181600
181527
181518
181514
181444
181435
181423
181246
181263
181395
181376
181337
181334
181312
181115
181229
181195
181188
181045
181041
181038
181173
181143
181141
181139
180959
180968
180967
180964
180874
180935
180784
180783
180782
180773
180772
180771
180765
180795
180657
180654
180644
180696
180694
180689
180735
180725
180724
180723
180713
180582
180578
180555
180545
180535
180516
180477
180473
180472
180469
180511
180505
180503
180490
180432
180422
180400
180394
180377
180331
180330
180329
180319
180286
180280
180271
180270
180310
180306
180128
180127
180018
180016
180015
180103
180102
180012
179911
179909
179870
179955
179829
179843
179668
179643
179584
179589
179443
179482
179479
179477
179475
179436
179332
179241
179232
179198
179177
179036
179026
179015
179113
179108
179100
179095
179045
179038
179003
178995
178991
178987
178980
178964
178912
178908
178888
178954
178949
178946
178882
178880
178837
178832
178830
178845
178841
178779
178775
178769
178765
178687
178674
178673
178590
178753
178577
178550
178497
178490
178432
178426
178421
178456
178453
178412
178386
178385
178484
178475
178353
178304
178112
178091
178087
177971
178032
177887
177839
177837
177745
177744
177708
177698
177612
177597
177505
177496
177374
177410
177406
177394
177391
177435
177423
177292
177268
177217
177156
177150
177148
176993
176952
176946
176945
176940
176890
176763
176794
176720
176637
176511
176507
176506
176502
176436
176312
176206
176164
176162
176053
176052
175696
175676
175623
175574
175487
175477
175497
175443
175440
175438
175335
175088
175234
175058
175050
175080
175078
174876
174864
174686
174685
174684
174537
174480
174550
174544
174539
174334
174340
174275
174293
174167
174215
173920
173919
173953
173945
173944
173943
173873
173864
173861
173860
173855
173767
173763
173700
173676
173553
173552
173511
173466
173438
173311
173293
173403
173392
173330
173286
173382
173377
173243
173212
173199
173174
173001
172976
172974
172951
172880
172773
172767
172742
172703
172735
172730
172814
172812
172570
172609
172602
172352
172323
172322
172316
172030
171976
171968
171894
171862
171859
171694
171693
171692
171686
171673
171672
171626
171388
171384
171367
171360
171336
171334
171333
171330
171329
171276
171300
171289
171171
171170
171087
171060
171034
171032
171028
171025
170997
170995
170994
170969
170962
170899
170957
170920
170918
170871
170916
170915
170846
170844
170832
170830
170826
170825
170824
170821
170716
170715
170768
170647
170604
170594
170588
170585
170579
170556
170535
170516
170514
170424
170419
170451
170411
170388
170382
170346
170274
170242
170216
170215
170087
170086
170084
170111
169954
169953
169948
169928
169793
169687
169716
169775
169684
169710
169647
169635
169627
169586
169494
169488
169555
169440
169410
169262
169249
169245
169103
169102
169234
169176
169169
169132
169129
169146
169055
169051
169039
169078
169076
169011
169035
169032
168931
168970
168897
168894
168892
168890
168946
168853
168822
168821
168801
168797
168796
168783
168782
168781
168686
168617
168608
168607
168603
168600
168598
168591
168589
168453
168508
168537
168442
168535
168549
168527
168525
168539
168399
168359
168388
168337
168186
168325
168062
168180
168061
168194
168058
168192
168063
168044
167854
167895
167869
167811
167779
167723
167677
167673
167512
167692
167468
167278
167137
167144
167139
166863
166832
166846
166845
166636
166632
166658
166654
166560
166512
166510
166509
166472
166442
166402
166397
166419
166357
166347
166346
166335
166343
166331
166310
166329
166373
166306
166371
166300
166282
166187
166137
166156
166190
166238
166188
166218
165636
165606
165454
165433
165410
165463
165415
165237
165281
165259
165249
165243
165211
165209
165189
165004
164919
164917
164916
164793
164622
164607
164535
164436
164211
164186
164162
164062
164038
164109
163899
163895
163854
163835
163875
163800
163796
163714
163565
163511
163510
163506
163559
163542
163437
163444
163397
163293
163332
163330
163138
163219
163115
163080
163079
163066
163063
163027
163042
163038
162946
162818
162815
162775
162812
162657
162646
162638
162555
162670
162554
162553
162552
162551
162550
162549
162337
162335
162237
162234
162563
162037
162244
162035
162034
162129
162238
162003
161956
162314
161998
161746
161652
161629
161614
161538
161518
161504
161500
161499
161365
161449
161427
161417
161414
161254
161233
161229
161227
161198
161193
161134
161131
161119
161073
160964
161011
160953
160781
160756
160688
160655
160650
160511
160322
160281
160235
160249
160193
160109
160131
160113
160072
160071
160063
160035
160024
160012
159825
159840
159838
159809
159768
159750
159716
159713
159632
159614
159586
159603
159599
159591
159390
159133
159125
159153
159051
158972
158969
159143
158858
158881
158823
158909
158908
158803
158802
158788
158685
158679
158632
158630
158625
158601
158597
158615
158614
158572
158437
158420
158540
158503
158458
158457
158456
158402
158397
158283
158260
158256
158309
158306
158204
158191
158116
158091
158050
158029
158003
157997
157882
157727
157753
157747
157659
157581
157633
157629
157622
157516
157508
157501
157458
157405
157309
157304
157162
157204
157133
157202
157392
156862
156837
157018
156817
156596
156641
156485
156504
156449
156519
156545
156336
156356
156395
156394
156277
156178
156290
156062
156128
156061
156077
156073
156007
155975
155961
155968
155904
155898
155895
155881
155870
155771
155686
155634
155662
155655
155649
155646
155643
155605
155444
155345
155343
155339
155294
155262
155261
155168
155115
154958
154974
154660
154641
154633
154499
154451
154449
154473
154241
154281
154138
154135
154134
154131
154102
154060
153944
153943
153929
153919
153887
153885
153878
153874
153871
153853
153852
153794
153771
153686
153680
153635
153633
153626
153515
153505
153503
153502
153441
153397
152458
152503
152490
152487
152418
152399
152396
152379
152371
152256
152246
152245
152210
152218
152217
152214
152063
151479
151477
151475
151472
151431
151406
151240
151268
151237
151162
150965
150834
150832
150831
150794
150782
150635
150687
150680
150678
150575
150689
150334
149962
149955
149953
149982
149812
149854
149786
149785
149788
149871
149612
149651
149696
149557
149551
149514
149512
149510
149508
149435
149458
149441
149353
149411
149410
149409
149299
149104
148996
148995
148994
148972
148958
148956
148943
148936
148921
148837
148622
148526
148516
148249
148289
148219
148217
148143
148129
148118
147998
147970
147587
147586
147485
147484
147481
147479
147341
147314
147222
147215
147213
147180
147052
147030
146963
146961
146946
146786
146785
146783
146763
146798
146861
146852
146757
146740
146739
146733
146729
146690
146556
146550
146549
146539
146531
146529
146528
146144
146142
146179
146127
146042
145933
145846
145362
145341
145380
145288
145237
145231
145124
145116
144990
145026
145025
145024
144961
144960
145041
145099
145092
144913
144980
145086
145067
144837
144698
144672
144384
144376
144421
144352
144350
144347
144390
144442
144475
144193
144107
144062
144056
144025
143762
143746
143838
143784
143782
143773
143703
143617
143568
143595
143686
143360
143356
143451
143411
143375
143370
142536
142441
142398
142369
142433
142282
142273
142254
142229
142132
142183
142181
142171
141958
141956
141935
141920
141905
141904
141903
141880
141877
141855
141705
141703
141636
141620
141568
141464
141390
141370
141349
141348
141307
141293
141282
141243
141098
141088
140967
141043
140887
140657
140652
140612
140553
140542
140582
140567
140565
140529
140481
140452
140399
140368
140366
140340
140048
139943
139776
139767
139690
139735
139655
139649
139555
139484
139477
139471
139425
139377
139375
139373
139162
139120
139117
139014
139011
138746
138743
138729
138715
138713
138707
138587
138585
138564
138624
138556
138502
138485
138467
138448
138332
138312
138277
138235
138231
138216
138110
138094
138070
138058
137996
137935
137906
137905
137896
137891
137874
137868
137816
137815
137813
137800
137791
137679
137648
137578
137568
137548
137479
137426
137421
137420
137365
137357
137355
137258
137255
137128
137117
137116
137113
137185
137183
137111
137099
136943
136814
136861
136810
136809
136748
136703
136655
136686
136685
136611
136547
136546
136534
136502
136470
136458
136406
136374
136347
136343
136209
136196
136190
136115
135438
135435
135037
134757
134610
134600
134597
134558
134557
134544
134517
134507
134480
134382
134354
134334
134100
134084
134042
134040
134007
133991
133990
133942
133935
133884
133867
133830
133777
133759
133083
133056
132645
132612
132611
132609
132476
132475
132515
132403
132424
132356
132282
132233
132108
132053
131869
131866
131847
131780
131711
131683
131679
131675
131673
131669
131667
131665
131608
131543
131537
131511
131466
131445
131249
131287
131244
131240
131234
131130
131266
131099
130999
130957
130713
130696
130691
130669
130574
130497
130410
130434
130384
130237
130247
130346
130119
130118
130008
129937
129921
129845
129843
129887
129883
129761
129759
129540
129536
129265
129135
129008
129053
128903
128737
128884
128808
128698
128690
128688
128682
128675
128507
128499
128498
128523
128377
128370
128311
128180
128207
128189
128132
128121
128120
128115
128065
128063
128025
127911
127863
127828
127826
127824
127716
127713
127669
127526
127508
127496
127414
127360
127338
127293
127217
127093
126697
126684
126682
126639
126533
126487
126483
126512
126573
126378
126330
126357
126345
126340
126305
125806
125568
125549
125493
125454
125441
125410
125408
125391
125379
125250
125245
125241
125137
124978
124920
124821
124761
124740
124773
124772
124637
124435
123983
123956
123973
123917
123898
123897
123799
123798
123821
123793
123658
123584
123653
123594
123592
123335
123312
123304
123297
123203
123202
123183
123179
123135
123165
123144
123074
122937
122941
122909
122860
122811
122779
122772
122766
122691
122674
122364
122351
122349
122294
122285
122214
122181
122168
122151
122055
121962
121878
121876
121807
121805
121802
121850
121760
121747
121742
121834
121776
121638
121610
121535
121477
121415
121342
121309
121307
121305
121095
121088
121073
121070
120863
120852
120850
120849
120797
120707
120479
120468
120458
120447
120360
120356
120382
120241
120161
120119
120100
120029
120017
120006
119997
119976
119975
119974
119942
119885
119862
119860
119799
119762
119771
119710
119706
119639
119635
119537
119444
119374
119370
119411
119397
119170
119135
118970
118861
118884
118820
118770
118749
118723
118629
118625
118510
118444
118361
118354
118345
118344
118341
118305
118291
118164
118163
118158
118035
118024
117938
117923
117899
117852
117841
117838
117834
117741
117735
117725
117689
117651
117679
117417
117414
117400
117393
117221
117194
117171
117062
117057
117056
117087
117085
117067
116953
116930
116913
116885
116883
116880
116859
116834
116809
116799
116759
116586
116585
116584
116570
116661
116659
116648
116608
116607
116484
116467
116387
116346
116341
116340
116336
116292
116237
116229
116221
116219
116209
116255
116254
116172
116164
116119
115980
115897
115894
115810
115806
115805
115804
115769
115541
115538
115503
115498
115491
115347
115341
115339
115338
115375
115226
115287
115298
115174
115109
115097
115037
115048
115046
115073
115004
115002
114931
114918
114870
114901
114813
114848
114762
114770
114755
114790
114237
114262
114374
114235
114234
114233
114211
114187
114208
114299
114298
114297
114160
114159
114136
114132
114207
114205
114249
114248
114246
114112
114154
114131
114202
114201
114200
114199
114268
114110
114108
114151
114149
114130
114267
114106
114105
114062
114084
114083
114143
114141
114122
114119
114102
114012
114061
114138
114117
114188
114032
114031
114011
114006
114055
114075
114213
114025
113962
113912
113999
114045
114067
114041
114063
113908
113886
113885
114013
113915
113754
113752
113690
113688
113678
113677
113594
113520
113514
113463
113462
113461
113459
113458
113412
113435
113431
113429
113416
113362
113384
113381
113380
113331
113330
113328
113363
113300
113287
113280
113275
113274
113267
113220
113218
113217
113216
113199
113176
113137
113120
113116
113114
113106
113089
113146
113066
113065
113063
113021
113020
113003
112992
112907
112898
112897
112893
112860
112854
112829
112828
112814
112712
112688
112612
112476
112475
112474
112467
112463
112450
112356
112387
112343
112385
112384
112383
112259
112246
112318
112308
112301
112212
112218
112208
112207
112206
112199
112194
112192
112149
112099
112032
112017
112136
112012
112003
112001
111902
111916
111712
111710
111704
111689
111685
111680
111677
111657
111656
111652
111651
111636
111634
111619
111534
111495
111494
111483
111436
111430
111427
111424
111415
111414
111456
111440
111311
111272
111261
111232
111226
111199
111198
111135
111100
111042
110995
110905
110872
110855
110839
110799
110781
110739
110703
110733
110731
110719
110715
110677
110666
110665
110663
110643
110622
110613
110609
110553
110465
110497
110427
110424
110409
110402
110390
110389
110387
110381
110376
110353
110192
110184
110177
110091
110090
110135
110132
110087
109962
110084
110076
110073
110068
109923
109812
109770
109832
109565
109564
109648
109557
109534
109457
109452
109436
109418
109360
109399
109256
109252
109277
109198
109179
109176
109175
109170
109164
109150
109087
109062
109060
109053
109052
109048
109012
109097
108968
108964
108920
108883
108805
108804
108830
108573
108660
108639
108562
108537
108554
108545
108630
108401
108459
108453
108442
108310
108308
108283
108157
108154
108211
108129
108128
108120
108101
107937
107979
107978
107930
107964
107868
107865
107723
107862
107860
107858
107854
107849
107838
107685
107629
107594
107533
107492
107341
107301
107289
107330
107110
107024
107014
107013
106942
106905
106891
106800
106795
106684
106596
106591
106503
106457
106424
106291
106346
106062
106045
106187
106099
106088
106127
106034
105997
105962
105958
105946
105871
105870
105812
105794
105832
105821
105820
105858
105853
105779
105693
105689
105652
105761
105755
105623
105604
105603
105461
105388
105537
105362
105354
105380
105224
105169
105158
105108
105062
105087
104964
104931
104837
104826
104896
104894
104809
104806
104762
104637
104664
104663
104615
104599
104587
104583
104577
104573
104570
104524
104523
104393
104391
104423
104370
104282
104316
104247
104222
104219
104211
104208
104103
104102
104099
104062
104027
104075
104068
103918
103917
103904
103960
103834
103850
103841
103733
103606
103617
103613
103579
103578
103570
103561
103426
103383
103470
103451
103324
103323
103162
103155
103154
103153
103196
103111
102896
102837
102820
102819
102862
102860
102840
102737
101693
101690
101650
101574
101518
101491
101490
101489
101414
101392
101384
101317
101308
101257
101243
101242
101282
101266
101119
100981
100973
100970
101001
100959
100923
100862
100824
100687
100686
100678
100650
100641
100624
100619
100617
100608
100598
100501
100495
100523
100438
100475
100469
100437
100360
100118
99885
99798
99758
99653
99724
99723
99638
99637
99560
99475
99466
99511
99498
99459
99401
99367
99309
99302
99299
99112
99004
98908
98969
98966
98879
98840
98837
98834
98782
98943
98758
98621
98656
98650
98532
98530
98487
98499
98489
98415
98392
98330
98137
98140
98062
98060
98170
98085
98084
98074
98073
98071
98069
98067
98064
98063
98109
97939
97851
97903
97901
97828
97823
97820
97784
97747
97639
97703
97612
97609
97605
97620
97410
97413
97343
97287
97268
97249
97059
96903
96902
96933
96767
96693
96737
96733
96649
96588
96399
96390
96438
96506
96258
96245
96170
96169
96106
96154
96025
95987
95966
95960
95877
95809
95794
95731
95720
95687
95654
95638
95631
95630
95609
95600
95599
95598
95589
95516
95487
95481
95470
95437
95429
95425
95409
95373
95366
95297
95281
95229
95180
95262
95260
95078
95070
95050
94985
94831
94813
94884
94869
94782
94781
94778
94647
94510
94425
94305
94297
94296
94317
94205
94176
94134
93888
93877
93832
93819
93810
93751
93750
93655
93612
93625
93448
93378
93377
93269
93134
93128
93087
93169
92860
92858
92842
92737
92727
92823
92821
92816
92713
92618
92613
92562
92561
92501
92499
92489
92484
92521
92520
92515
92430
92409
92360
92310
92307
92298
92289
92144
92220
92214
92207
91172
91039
90451
89920
89912
89862
89861
89846
89867
89795
89816
89814
89744
89689
89656
89627
89625
89623
89664
89598
89728
89521
89394
89389
89510
89386
89378
89377
89364
89287
89304
89150
89123
89065
88976
88943
88994
88989
88880
88866
88810
88809
88830
88727
88723
88676
88656
88653
88645
88639
88637
88631
88698
88534
88533
88522
88521
88519
88594
88563
88548
88421
88413
88481
88480
88471
88470
88402
88392
88389
88386
88378
88308
88156
88150
88145
88142
88187
88186
88169
88163
88094
88012
88048
87960
87911
87819
87770
87763
87756
87799
87690
87624
87623
87621
87619
87612
87665
87663
87661
87581
87580
87579
87569
87508
87532
87529
87478
87466
87465
87181
87286
87276
87274
87272
87271
87148
87089
86927
86925
86945
86897
87043
86814
86692
86684
86683
86682
86565
86518
86379
86341
86430
86427
86322
86112
86102
86155
86149
86047
85903
85945
85944
85805
85799
85798
85797
85792
85789
85645
85643
85642
85620
85551
85587
85568
85565
85611
85479
85408
85401
85400
85287
85276
85239
85214
85213
85188
85185
85177
85075
85066
84867
84862
84857
84663
84508
84496
84516
84514
84431
84429
84425
84326
84324
84363
84303
84107
84105
84089
84087
84085
84033
84051
84047
83988
83981
83979
83977
83962
83949
83948
83926
83917
83888
83881
83861
83849
83820
83712
83792
83752
83713
83779
83776
83711
83707
83537
83517
83562
83559
83565
83483
83358
83335
83328
83322
83287
83284
83269
83264
83262
83223
83155
83088
83054
82905
82766
82651
82558
82556
82492
82490
82536
82513
82458
82402
82325
82313
82381
82363
82286
82310
82306
82192
82230
82180
82179
82165
82133
82124
82121
82103
82097
81695
81737
81685
81655
81645
81632
81531
81529
81401
81398
81424
81417
81361
81348
81337
81320
81294
81274
81269
81369
81227
81218
81200
81192
81186
81182
81164
81142
81010
81026
80961
80957
80955
80819
80807
80974
80872
80752
80750
80744
80620
80616
80763
80662
80604
80717
80530
80490
80436
80423
80414
80412
80458
80370
80301
80299
80256
80237
80206
80205
80162
80159
80147
80146
80144
79807
79861
79834
79851
79622
79612
79655
79637
79610
79461
79457
79473
79472
79466
79505
79495
79493
79424
79422
79395
79391
79389
79547
79388
79269
79250
79249
79233
79221
79220
79322
79201
78971
79000
78993
78989
78835
78781
78769
78766
78796
78794
78789
78843
78882
78952
78949
78946
78704
78701
78700
78699
78733
78732
78715
78583
78582
78568
78621
78620
78680
78678
78667
78439
78386
78412
78360
78235
78234
78232
78225
78166
78196
78110
78108
78102
78100
78092
77966
78017
77883
77882
77919
77785
77959
77955
77940
77813
77792
77791
77838
77675
77760
77754
77750
77749
77742
77738
77697
77696
77731
77726
77608
77461
77452
77477
77530
77522
77517
77361
77279
77272
77269
77266
77262
77170
77150
76977
76936
76961
76941
76804
76869
76694
76577
76485
76494
76337
76323
76292
76278
76264
76208
76155
76036
76078
75843
75917
75835
75641
75609
75726
75502
75464
75426
75403
75363
75456
75455
75453
75338
75290
75322
75146
75193
75192
75189
75184
75183
75180
75074
75058
75041
75040
75038
75105
75096
75095
75089
75034
74939
74937
74995
74822
74814
74911
74853
74849
74848
74841
74876
74868
74936
74935
74928
74811
74795
74789
74751
74748
74746
74726
74724
74722
74707
74696
74677
74676
74657
74651
74615
74597
74410
74499
74498
74465
74236
74233
74232
74231
74192
74237
74270
74162
74158
74083
74080
74110
74108
74041
73957
73956
73955
73952
73949
73947
73846
73882
73878
73877
73872
73869
73836
73784
73791
73699
73687
73684
73683
73678
73553
73631
73564
73610
73592
73458
73434
73429
73417
73381
73336
73335
73334
73330
73327
73299
73293
73292
73257
73250
73244
73283
73281
73185
73160
73125
72940
72924
72922
72917
72824
72809
72801
72885
72880
72859
72775
72657
72655
72652
72645
72638
72623
72577
72610
72603
72593
72588
72547
72503
72495
72524
72520
72481
72449
72448
72425
72393
72381
72367
72366
72360
72359
72354
72291
72283
72209
72206
72189
72099
72096
72089
72083
72064
72054
72048
72000
71990
71924
71922
71883
71865
71863
71827
71753
71747